A = 
 [[ -8 -10  -2   4   2]
 [ -6 -12 -10   8  10]
 [  0   0   1  -9   3]
 [ -2   6   7  -7  -3]
 [  4   2  11   1  10]]

b = 
 [[  5]
 [-11]
 [  1]
 [-10]
 [ -7]]

 
//////////////////////////////////
 run  34044
A = 
 [[ 0  1 -9  7  0]
 [ 2  1 -2 -4 -7]
 [ 0  0 -9 -5 -1]
 [-4  1  1 -1 -7]
 [ 1 -6  5 -9 -7]]

b = 
 [[-6]
 [ 7]
 [ 5]
 [-2]
 [ 4]]

x = 
 [[ 1.]
 [ 1.]
 [-0.]
 [-1.]
 [-0.]]

E = 
 [[ 0  1 -9]
 [ 2  1 -2]
 [ 0  0 -9]]

eigen-values = 
 [-1.  2. -9.]

eigen-vectors = 
 [[-0.70710678 -0.4472136   0.70710678]
 [ 0.70710678 -0.89442719  0.        ]
 [ 0.          0.          0.70710678]]

////////////////////////////////////////////////////////
run  471789
A = 
 [[ 7  0  0  4 -2]
 [ 2 -4  1 -5  8]
 [ 7  1 -4  0  3]
 [ 3  1  5  6  7]
 [-6  5 -8 -3 -7]]

b = 
 [[ -3]
 [ -7]
 [  4]
 [-11]
 [ -8]]

x = 
 [[-3.00449534e+16]
 [-7.51123834e+16]
 [-6.00899067e+16]
 [ 6.00899067e+16]
 [ 1.50224767e+16]]

E = 
 [[ 7  0  0]
 [ 2 -4  1]
 [ 7  1 -4]]

eigen-values = 
 [-3. -5.  7.]

eigen-vectors = 
 [[ 0.          0.          0.81873601]
 [ 0.70710678  0.70710678  0.1978612 ]
 [ 0.70710678 -0.70710678  0.5390012 ]]

/////////////////////////////////////////////////

run  307367
A = 
 [[-9  0  0 -7 -7]
 [ 1  6 -8 -5 -5]
 [ 2 -9  0 -7 -7]
 [-3 -6 -9  7  7]
 [ 2 -9 -1  1  1]]

b = 
 [[  9]
 [-11]
 [ 10]
 [  5]
 [-10]]

x = 
 [[-0.00000000e+00]
 [-0.00000000e+00]
 [-0.00000000e+00]
 [ 2.08114337e+16]
 [-2.08114337e+16]]

E = 
 [[-9  0  0]
 [ 1  6 -8]
 [ 2 -9  0]]

eigen-values = 
 [-6. 12. -9.]

eigen-vectors = 
 [[ 0.          0.          0.80564241]
 [-0.5547002  -0.8        -0.31969937]
 [-0.83205029  0.6        -0.49873101]]
/////////////////////////////////////////////////////
run  1895966
A = 
 [[-1  4 -2  6 -5]
 [ 0  5 -4 -5 -1]
 [ 0 -5  4  3 -1]
 [ 1 -4 -2 -8 -9]
 [ 2 -8 -5 -4 -9]]

b = 
 [[ -9]
 [-11]
 [  4]
 [ -6]
 [-12]]

x = 
 [[-5.13050070e+17]
 [-9.22337204e+16]
 [-8.64691128e+16]
 [-2.88230376e+16]
 [ 2.88230376e+16]]

E = 
 [[-1  4 -2]
 [ 0  5 -4]
 [ 0 -5  4]]

eigen-values = 
 [-1.  9.  0.]

eigen-vectors = 
 [[ 1.          0.39056673  0.68376346]
 [ 0.          0.65094455  0.45584231]
 [ 0.         -0.65094455  0.56980288]]
/////////////////////////////////////////////////////
